117
632
915
558
6
335
39
579
790
716
124
67
140
676
520
719
132
928
828
338
491
850
517
583
78
860
153
942
556
128
654
554
366
893
329
619
324
162
698
227
401
870
129
141
778
613
495
522
90
64
206
599
943
701
527
243
356
857
498
27
668
624
379
824
14
364
229
662
301
188
582
767
425
466
588
284
411
635
70
396
952
956
199
638
315
979
418
393
519
436
874
197
333
695
447
167
650
660
996
781
782
154
848
765
442
435
750
281
100
639
808
973
431
516
351
513
402
383
932
310
203
580
440
885
18
900
340
805
710
864
559
255
370
115
633
484
327
546
33
577
794
679
523
194
587
525
26
382
157
426
593
488
960
105
792
10
36
83
669
749
972
91
802
694
855
63
58
742
28
547
211
550
186
75
722
409
196
881
683
788
232
471
355
838
146
804
530
813
863
386
536
681
914
505
573
98
748
20
576
856
806
222
241
16
844
347
12
260
459
543
889
991
735
171
145
119
686
591
121
453
728
134
586
225
287
957
54
937
941
852
41
319
594
609
561
204
940
801
8
812
886
454
74
923
293
733
456
727
330
415
49
450
478
253
423
477
981
291
419
732
630
19
510
251
601
605
473
758
909
961
449
895
682
950
987
104
707
809
574
880
507
800
235
890
784
216
779
59
644
88
866
793
289
118
884
381
955
221
205
552
692
408
122
903
656
755
147
497
924
272
87
741
220
273
853
665
634
84
618
563
176
405
200
646
300
44
195
244
278
509
922
827
15
564
992
462
795
417
294
178
422
151
93
724
32
569
166
252
184
276
949
869
261
746
465
367
565
798
322
303
73
600
754
837
931
606
508
60
608
377
283
897
846
457
770
13
836
224
833
103
3
785
1000
726
399
533
429
918
428
678
730
715
259
997
158
642
247
226
416
655
354
984
228
783
892
45
487
661
983
744
112
394
476
925
627
143
275
503
731
85
817
353
651
501
831
829
714
314
797
413
868
917
822
896
640
264
493
485
262
529
69
51
999
969
296
352
212
965
673
213
96
859
385
674
904
17
433
888
94
410
595
751
446
738
142
374
159
921
152
757
101
81
521
680
908
974
787
537
400
190
240
358
879
534
567
711
175
821
623
295
891
978
611
47
309
125
53
414
780
468
641
71
902
126
207
215
5
528
461
873
512
4
843
971
316
150
524
474
361
89
839
737
360
882
636
626
193
46
954
68
693
734
548
557
986
307
912
268
560
77
120
62
951
799
185
321
985
771
434
581
202
37
819
865
590
242
437
807
538
263
667
496
286
643
214
389
898
267
657
511
976
337
945
953
970
551
123
236
720
649
133
191
439
282
95
584
376
384
318
723
451
448
470
325
187
877
9
709
165
504
311
566
854
438
622
786
959
30
97
22
359
395
919
603
699
237
239
653
277
887
927
164
706
875
7
690
995
40
34
739
575
403
269
170
2
769
544
482
363
610
331
947
847
834
835
345
717
614
820
791
768
990
290
257
823
380
308
246
708
490
169
375
116
173
1
705
535
304
332
811
858
756
265
966
621
743
933
11
181
231
343
174
444
747
672
616
192
420
217
916
350
249
460
298
288
177
106
279
789
842
531
761
378
753
328
760
631
703
160
230
607
687
248
131
271
763
270
341
697
688
597
443
830
506
357
99
430
901
127
725
526
958
539
555
492
774
617
404
137
629
346
962
209
421
344
469
452
114
967
183
982
700
989
398
313
935
198
713
368
570
500
280
80
712
432
52
107
348
589
773
926
113
464
179
161
306
499
362
274
615
911
61
930
234
312
658
144
752
620
189
849
818
704
48
736
139
172
936
218
38
458
136
163
72
663
934
518
155
541
475
76
266
841
691
412
825
135
365
130
65
441
532
675
50
944
320
210
486
56
689
625
826
66
803
592
43
549
702
832
645
297
578
256
968
182
861
250
845
111
596
815
317
740
302
391
939
109
57
666
568
102
481
489
285
472
108
598
494
759
948
562
677
388
424
427
233
604
23
305
479
670
55
208
585
963
994
684
392
25
664
988
223
371
180
929
542
369
906
326
254
602
407
894
299
977
685
571
42
862
777
92
219
814
612
905
628
323
648
336
463
762
540
766
652
201
515
998
455
907
776
339
406
718
480
168
21
671
245
696
920
387
872
876
910
975
851
149
258
840
502
349
993
964
871
29
980
334
637
148
373
913
816
883
867
878
31
292
796
810
342
659
467
82
514
390
156
647
572
138
938
545
721
445
729
483
775
79
238
372
24
397
86
764
110
35
745
899
772
946
553
